#  TEST VOLUMES BEFORE LINEAR
# normal
2460543,
2459774,
2453328,
2452913,
2452353,
2456928,
2462380,
2459873,
2453082,
2455268,
2452967,
2453048,
2453677,
2452812,
2460903,
2452364,
2460348,
2461338,
2461868,
2460326,
2453172,
2453136,
2452206,
2460878,
2452129,
2456278,
2456199,
2460565,
2454788,
2460174,
2453290,
2459605,
2460768,
2460504,
2453194,
2452834,
2459123,
2453150,
2462345,
2460830,
2459310,
2459455,
2459763,
2453620,
2461392,
2453578,
2453524,
2452409,
2460785,
2460867,
2453642,
2459972,
2456202,
2455946,
2456917,
2452426,
2461184,
2456379,
2456241,
2456793,
2452263,
2460633,
2452316,
2453844,
2462093,
2459752,
2453470,
2459477,
2453306,
2461409,
2460779,
2460309,
2456340,
2461206,
2460824,
2461956,
2459908,
2452924,
2459947,
2453464,
2460216,
2461493,
2453374,
2452687,
2460315,
2461146,
2460249,
2452941,
2453732,
2452338,
2453363,
2453833,
2459526,
2459983,
2461632,
2459548,
2462150,
2461520,
2459807,
2462374
#  pre-diabetes
2458040,
2456661,
2452659,
2458366,
2452801,
2453811,
2456672,
2457266,
2457044,
2453765,
2458402,
2461349,
2455525,
2455296,
2458158,
2460447,
2455753,
2455935,
2456562,
2458197,
2458707,
2455951,
2460889,
2460472,
2456385,
2455042,
2452665,
2452190,
2462161,
2461151,
2459681,
2458068,
2457401,
2461555
#  diabeteds
2459745,
2453037,
2458265,
2457517,
2452868,
2462119,
2452381,
2452094,
2459067,
2462352,
2456357,
2459244,
2461577,
2456021,
2459499,
2461885,
2461252,
2460145,
2453589